8 2 24071
8 12 3421
8 13 19808
8 14 23663
9 3 31236
9 14 12593
10 14 18323
11 3 23493
12 3 35860
14 3 40787
15 4 34195
16 2 32068
16 4 43131
16 7 4407
17 2 27958
17 3 12462
18 0 1661
18 3 34165
18 4 17834
18 6 14474
19 0 3168
19 2 30017
19 4 29540
20 0 3380
20 2 22062
20 4 34208
21 4 23959
22 0 8070
22 2 33652
22 4 12664
22 6 13228
23 2 15922
23 4 28336
23 5 13198
23 6 12964
24 2 20300
24 4 27100
24 29 1298
25 2 30311
25 26 22959
26 26 20878
26 28 22061
26 31 2095
27 26 22227
27 28 22890
28 4 35791
28 24 14319
28 26 27293
28 27 28427
28 28 22411
29 26 28450
29 28 24299
29 30 2183
30 2 34061
30 26 23595
30 28 27251
31 2 20925
31 24 10558
31 27 33325
32 2 22497
32 24 14246
32 27 18534
33 0 5173
33 2 25531
33 4 38951
34 0 4141
34 2 24481
34 4 33495
35 2 24770
36 2 28422
36 3 27867
36 4 33277
37 2 15141
37 6 12501
38 2 34114
42 27 28703
44 4 37400
44 27 41229
45 2 38655
45 4 36259
45 27 33380
46 2 35336
46 4 35246
47 2 38949
47 3 29736
47 4 34952
47 27 38030
48 2 24894
48 4 30672
48 26 35641
48 27 38803
49 6 4229
49 26 40129
50 27 40857
50 28 27773
51 26 31803
51 27 38110
51 28 26756
52 24 6137
52 26 37306
52 27 11874
52 28 44945
53 27 34306
54 26 34222
54 27 44019
55 26 35178
55 28 43319
55 31 2189
56 26 20224
56 27 36782
56 28 24877
57 27 39178
58 4 32199
58 27 13309
58 28 43251
59 2 30877
59 27 36685
60 0 8375
60 27 32371
61 2 38408
61 27 22236
61 28 42004
62 2 35951
62 4 36047
62 27 33630
62 28 26275
63 2 32234
63 26 40046
63 27 29306
64 27 23417
64 28 41784
65 2 43507
65 27 25933
66 3 19024
66 27 28380
67 3 27511
67 4 37087
67 27 25346
68 2 26122
68 4 28664
69 2 28357
70 27 30377
71 2 39492
72 14 17039
73 0 3778
73 2 33080
73 4 32129
73 27 26457
74 2 34546
74 4 27669
74 26 33505
74 27 12985
74 28 33108
75 27 29752
75 28 32132
76 3 20754
76 4 22247
76 27 26229
76 28 28884
77 2 19515
77 4 38001
77 12 16152
77 28 25898
78 1 13365
78 2 24791
78 26 28315
78 28 24621
79 1 6513
79 25 8348
79 26 29715
79 28 26263
80 25 11130
81 6 9965
82 5 12783
82 6 10562
83 6 8943
88 9 11703
88 10 10767
93 1 6672
94 2 27795
94 4 22541
95 2 21582
95 3 20595
95 4 22826
96 2 23461
96 4 25259
97 2 28200
97 4 26306
98 2 22601
99 2 20234
99 3 34329
99 4 28466
99 6 6736
100 2 26369
100 3 34068
100 4 20693
100 6 9427
101 2 28535
101 4 16995
101 6 10009
102 2 23559
102 4 27304
103 0 6033
103 2 22430
103 4 27342
104 0 3856
104 5 11549
105 2 22642
105 4 26668
106 2 14228
106 4 16334
127 13 11156
1 9 12605
8 2 23441
9 3 25951
10 2 35891
11 2 31039
11 3 29652
11 4 28984
12 2 28564
12 4 31473
12 6 7875
13 2 39877
13 4 42437
16 4 20822
21 1 5903
21 4 18473
22 4 11699
24 4 30224
25 2 41636
25 3 25488
25 28 20364
26 25 11740
26 28 18928
27 26 24173
27 28 19994
28 2 26595
28 4 32805
28 26 24589
28 28 26342
29 26 27652
29 28 27788
30 2 35351
30 4 27788
30 26 29285
30 28 30380
31 2 28841
31 4 30160
31 27 34107
33 1 5052
35 1 8554
37 5 7082
39 2 34995
39 4 36694
41 27 33844
42 27 29484
43 27 15534
44 2 35845
44 4 35917
44 27 36117
45 2 42356
45 26 23788
45 27 33313
45 28 24530
46 27 21934
46 28 36564
47 2 31194
47 27 30168
47 28 35959
47 31 2440
48 2 21044
48 26 20271
48 27 29801
48 28 22043
49 27 31149
50 27 19787
51 24 7154
51 27 34382
51 28 24050
52 27 36557
53 24 11568
53 26 38902
53 28 43898
54 24 11329
54 27 38891
55 27 42623
56 26 37397
56 27 7372
56 28 42541
56 31 3043
57 2 20509
57 27 39933
57 28 29662
58 2 26593
58 26 34317
58 27 38247
59 4 35450
59 26 39965
59 27 10405
59 28 38764
60 3 14032
60 4 37215
60 27 36868
60 28 31636
61 2 36685
61 3 16997
61 4 34008
61 26 26118
61 27 35352
62 2 37695
62 3 35681
62 27 22873
62 28 34279
63 2 23024
63 4 24413
63 27 26151
63 28 37802
64 2 35586
64 4 35717
65 27 30727
66 3 17659
66 27 13222
67 2 36013
67 3 26816
67 4 43297
67 27 21554
68 3 32692
69 3 25707
71 3 32888
71 7 15696
71 27 27849
72 3 22808
72 7 12694
75 27 21382
76 3 30380
76 7 15013
76 27 31883
77 26 30051
77 28 28125
78 2 31689
78 3 12909
78 26 28659
78 28 27192
79 2 28638
79 3 32517
79 26 28075
79 28 26254
79 31 1667
80 4 15264
80 24 12070
80 26 23633
80 28 23934
80 30 3026
81 24 14212
81 26 20797
81 27 29044
81 28 22121
82 24 17854
82 26 20633
82 28 19776
83 24 15300
86 24 9161
94 1 8946
94 6 13832
95 6 9693
97 2 14598
98 2 20481
99 2 26753
100 4 29992
102 2 30248
102 4 27143
103 2 22910
103 4 20917
104 4 23380
105 0 6459
105 4 18532
106 1 7405
9 14 37037
10 13 42675
11 9 20022
15 9 18628
15 13 34164
20 1 30853
23 15 21824
24 13 17644
24 14 20324
25 10 7032
25 13 14427
27 10 16432
27 26 19184
27 30 1106
28 26 29135
28 28 26425
29 26 29525
29 28 26295
30 26 27497
31 27 30602
36 23 1736
37 23 6090
39 1 34527
39 23 8093
40 23 2783
41 12 34559
42 14 39590
43 26 39524
43 27 11236
44 27 37274
45 27 36844
46 12 29500
46 13 20697
47 27 32822
48 26 20458
48 28 21300
49 27 33223
50 28 40823
51 26 19446
51 28 23003
52 27 38225
53 26 36862
53 28 43416
55 27 43003
56 26 39059
56 28 42163
57 28 28965
58 26 30754
58 27 38728
58 28 22826
59 26 40260
59 27 11029
59 28 40086
60 27 39557
60 28 32525
61 27 33713
61 28 22725
62 24 11271
63 24 12772
63 27 23553
64 27 34463
64 28 26121
65 27 34898
66 27 12433
67 27 25668
68 27 36654
69 26 39366
69 28 38824
70 17 12436
70 27 24823
71 17 8894
71 27 25493
74 27 13963
76 27 33951
76 28 30931
77 28 28332
78 28 27470
79 26 26677
83 15 12028
92 14 41490
93 14 32128
94 10 18857
94 13 19339
94 14 30539
95 13 10476
95 14 40434
97 13 35991
98 14 43592
99 13 40071
102 13 36963
120 10 8195
120 11 13339
121 15 15694
121 16 13585
6 0 7258
8 2 31667
8 3 14845
9 2 34751
9 3 33221
10 2 27914
11 2 37131
12 3 38851
13 2 40485
13 4 40859
14 3 37707
15 2 17640
15 3 30451
16 2 39690
16 3 31954
17 2 30372
17 3 22925
19 2 28971
20 2 25769
21 2 20185
21 4 23616
22 2 34527
24 2 28440
24 4 22306
25 2 40589
25 3 28979
26 2 6672
26 4 27624
26 26 17036
26 31 3873
27 2 28654
27 4 34118
27 26 21430
27 28 23429
28 2 33744
28 26 26949
28 28 26999
29 28 26672
30 10 26868
30 27 33440
31 2 35866
31 26 34351
31 27 33780
31 28 32100
32 2 7775
32 27 27479
33 2 38751
33 3 28813
33 4 30177
33 6 18357
33 10 13251
34 4 28690
36 2 32492
36 3 27395
36 6 16570
37 4 19682
38 4 19122
38 24 10975
38 27 20623
39 2 34366
39 24 6313
39 27 35331
40 1 2690
40 24 5502
40 28 38420
41 0 2627
41 2 30706
41 24 4557
42 2 38859
43 24 8671
43 26 40991
43 27 13842
44 0 3971
44 27 34942
45 0 4811
45 26 28597
45 27 32954
46 1 8030
46 27 19395
47 2 37427
47 4 36424
49 27 31902
50 27 17649
50 28 42516
51 27 36943
52 27 39439
53 26 37405
53 28 42517
54 27 40286
55 26 34137
55 27 40672
56 26 39102
56 28 44083
57 27 43921
57 28 27650
58 2 34502
58 4 36169
58 27 36796
59 2 30246
59 4 20233
59 24 8939
59 26 43183
59 27 15174
59 28 37665
60 2 27266
60 3 19557
60 4 39601
60 27 36296
60 28 33469
61 2 34369
61 3 18031
61 4 36018
61 27 35839
62 2 34793
62 26 40246
63 2 32425
63 4 38423
63 26 31459
63 27 27673
64 2 37415
64 4 34989
64 26 29360
64 27 28468
65 2 40631
65 3 26450
67 3 23628
68 2 37467
68 3 27892
68 4 28507
68 27 36734
69 2 32108
69 3 32801
69 27 10633
70 3 38295
70 27 24698
71 2 44442
71 27 26645
72 2 31942
72 27 17418
73 2 31843
73 3 32676
73 28 35373
74 2 33581
74 3 16859
75 27 27615
76 2 27719
76 3 25392
76 4 39072
76 27 29582
77 2 26092
77 4 32423
78 0 4017
78 2 28224
78 4 26752
78 26 28267
78 27 35634
79 26 30021
79 28 25090
80 26 24705
80 28 23977
81 26 25154
81 28 23360
90 2 18583
90 6 5712
91 3 26827
91 4 21946
92 2 24367
92 4 24914
92 7 8995
93 2 32111
93 4 37362
94 2 25930
94 4 24448
94 6 15078
95 2 23248
95 4 33073
95 7 14868
96 3 29045
96 4 36226
96 9 15770
96 10 6497
96 11 20568
97 2 34569
97 3 15663
97 4 32682
98 2 31615
99 2 28580
99 4 29198
100 3 29117
100 4 37697
101 4 36989
102 2 23896
102 4 23626
103 0 3686
105 0 5628
105 2 14786
105 3 34039
105 4 11773
106 0 6351
106 1 10270
106 4 19498
106 6 10342
110 5 9138
5 1 4144
6 2 19152
7 2 19611
8 2 31119
8 4 31496
12 3 41300
15 2 17430
16 2 39901
17 2 31148
17 3 9009
17 4 36266
18 1 8437
18 2 8651
18 4 13736
19 2 32763
19 4 30551
20 2 26078
22 2 36947
22 4 32039
23 1 8860
23 2 4275
23 4 22038
24 1 9248
24 2 38371
24 10 6627
25 10 11533
25 29 1682
26 2 11664
26 9 15506
27 2 32447
27 26 21689
27 28 21876
27 30 1632
28 2 39706
28 26 28966
28 28 26157
29 26 28551
29 28 26452
30 27 37250
30 28 30365
31 27 32112
32 2 13412
32 4 10080
32 6 9306
33 2 33112
33 4 35654
34 2 28625
34 4 37874
36 2 33012
36 3 25407
36 27 35024
38 5 8722
39 2 26427
39 27 30538
40 1 5313
40 2 8616
40 26 41608
40 28 38805
41 2 33472
41 4 32799
41 27 31050
42 2 40287
42 4 29894
42 27 32134
43 4 15742
43 26 43422
43 27 12711
43 28 39281
44 0 5150
44 3 28590
44 27 35973
44 28 34846
45 2 37263
45 3 22333
45 4 37899
45 27 35661
46 0 5607
46 2 31522
46 4 24545
46 27 20780
46 28 35601
47 2 31651
47 4 37074
47 27 28520
47 28 36688
48 26 20329
48 27 33726
48 28 23519
48 31 2159
49 4 15208
49 26 38967
49 27 30577
49 31 2957
50 27 22583
50 28 40631
51 27 31872
52 26 39892
52 27 36082
53 26 33340
53 27 15665
53 28 44208
54 27 38658
55 27 41485
56 1 8763
56 26 42648
56 27 11224
56 28 41769
57 2 26576
57 4 30420
57 27 43670
58 2 22892
58 4 25779
58 27 39238
59 2 30367
59 4 33772
59 27 12650
60 3 12175
60 27 38657
61 3 16129
61 26 31374
61 27 36659
62 27 23640
63 27 22495
64 27 29223
64 28 26925
65 3 33740
65 27 31007
66 2 30959
66 3 28762
66 4 29137
66 27 17840
67 3 25516
67 27 25404
68 27 37721
69 3 31836
69 27 12340
70 2 34203
70 3 25430
70 27 25789
71 3 20369
72 3 25671
72 4 29263
73 3 40457
73 27 26596
74 3 22908
74 4 35901
74 27 16244
75 3 11202
75 4 29187
76 2 24800
76 3 31574
76 4 30228
76 6 8811
76 27 29839
77 4 16561
77 26 31686
77 27 6111
77 28 28496
78 26 30597
78 27 36199
78 28 27984
79 1 10132
79 24 12860
79 26 25176
79 28 26424
80 26 22362
81 26 19660
92 1 5082
92 5 13179
93 0 10429
94 0 6218
94 2 25367
94 4 23589
95 0 7473
95 2 26385
95 4 32460
96 2 35409
96 3 27565
96 4 35523
97 2 30178
97 3 20035
97 4 35279
98 2 29284
98 3 15823
99 2 27104
99 3 39374
99 4 25585
100 2 30851
100 3 28180
100 11 17607
101 2 18644
102 2 23978
102 3 35874
103 2 23485
103 4 28168
105 2 15425
105 3 29906
105 4 23285
106 2 19286
