16389 -10
-3414 16026
-14964 -6655
9626 -13228
10986 12193
-14201 8195
-5054 -15588
16275 -1726
-1716 16269
-15613 -5052
8214 -14171
12159 10948
-13230 9622
-6651 -14964
16003 -3396
-8 16358
-16030 -3429
6695 -15000
13232 9623
-12183 10950
-8218 -14185
15576 -5053
1728 16312
-16291 -1702
5054 -15601
14213 8206
-10963 12186
-9652 -13262
14969 -6699
3394 16031
-16363 -1
3390 -16038
14974 6647
-9643 13275
-10957 -12167
14175 -8200
5041 15584
-16335 1711
1728 -16294
15594 5064
-8186 14221
-12179 -10953
13246 -9640
6666 14972
-16018 3387
11 -16387
16014 3440
-6670 14983
-13287 -9594
12162 -10949
8175 14185
-15576 5061
-1717 -16307
16309 1709
-5037 15589
-14189 -8211
10965 -12180
9628 13242
-14967 6650
-3398 -16052
16373 6
-3410 16049
-14987 -6662
9606 -13258
10962 12155
-14184 8208
-5050 -15596
16308 -1677
-1728 16283
-15592 -5053
8183 -14182
12191 10972
-13261 9626
-6679 -14963
16006 -3409
-5 16406
-16031 -3432
6685 -14968
13254 9584
-12169 10973
-8196 -14181
15574 -5058
1707 16289
-16270 -1725
5064 -15572
14184 8188
-10979 12172
-9655 -13231
14974 -6674
3384 16027
-16400 12
3431 -16036
15012 6660
-9649 13223
-10971 -12188
14224 -8181
5051 15580
-16294 1724
1715 -16304
15569 5082
-8225 14189
-12162 -10956
13270 -9639
6664 14963
-16042 3412
9 -16403
16035 3396
-6685 14971
-13256 -9617
12191 -10940
8194 14200
-15605 5080
-1719 -16305
16315 1720
-5065 15557
-14169 -8193
10974 -12174
9638 13261
-14957 6670
-3398 -16029
16367 -24
-3387 16025
-14970 -6630
9605 -13245
10973 12176
-14210 8220
-5057 -15556
16275 -1742
-1694 16297
-15587 -5026
8157 -14197
12182 10965
-13268 9621
-6673 -15010
16058 -3409
2 16375
-16044 -3416
6660 -14988
13234 9626
-12177 10968
-8207 -14174
15572 -5070
1727 16295
-16305 -1708
5076 -15555
14192 8202
-10953 12177
-9633 -13266
14949 -6649
3376 16037
-16379 -6
3416 -16012
14963 6658
-9629 13259
-10948 -12164
14207 -8190
5080 15595
-16284 1719
1695 -16290
15583 5047
-8197 14195
-12183 -10981
13237 -9639
6681 14993
-16017 3416
-18 -16397
16028 3418
-6669 14952
-13260 -9628
12180 -10946
8191 14188
-15590 5058
-1702 -16260
16328 1697
-5043 15597
-14217 -8189
10933 -12179
9630 13278
-14991 6690
-3403 -16046
16395 -19
-3406 16012
-14988 -6684
9669 -13248
10977 12183
-14167 8188
-5067 -15575
16325 -1710
-1728 16316
-15591 -5070
8187 -14177
12195 10961
-13241 9627
-6677 -14983
16059 -3423
-10 16386
-16038 -3418
6677 -14962
13242 9634
-12188 10953
-8204 -14176
15588 -5043
1712 16280
-16306 -1743
5084 -15597
14174 8220
-10962 12175
-9645 -13264
14983 -6678
3378 16008
-16363 10
3403 -16048
14986 6670
-9634 13255
-10962 -12166
14196 -8185
5069 15582
-16326 1689
1705 -16284
15598 5059
-8211 14182
-12208 -10968
13239 -9661
6665 14957
-16035 3423
-18 -16367
16009 3379
-6679 14951
-13277 -9629
12180 -10954
8179 14186
-15579 5056
-1713 -16318
16282 1693
-5064 15606
-14199 -8193
10959 -12195
9649 13262
-14995 6637
-3421 -16028
16397 -13
-3416 16038
-14988 -6659
9640 -13255
10933 12197
-14224 8187
-5060 -15569
16318 -1733
-1721 16315
-15591 -5034
8199 -14194
12178 10922
-13250 9667
-6652 -14976
16034 -3407
-14 16393
-16040 -3397
6648 -14966
13254 9645
-12176 10980
-8191 -14201
15555 -5052
1723 16293
-16325 -1703
5052 -15592
14167 8197
-10946 12179
-9612 -13265
14984 -6659
3418 16037
-16398 -6
3425 -16041
14970 6636
-9640 13234
-10959 -12179
14176 -8213
5055 15604
-16265 1719
1701 -16275
15552 5052
-8206 14189
-12189 -10970
13257 -9614
6659 14967
-16026 3377
-9 -16375
16003 3404
-6655 14945
-13230 -9629
12160 -10961
8181 14188
-15580 5083
-1708 -16293
16295 1717
-5061 15602
-14189 -8189
10984 -12170
9633 13293
-14957 6667
-3393 -16008
16379 -8
-3444 16072
-14941 -6674
9622 -13248
10954 12186
-14191 8192
-5072 -15618
16281 -1709
-1711 16266
-15559 -5080
8209 -14163
12179 10961
-13255 9639
-6652 -14968
15968 -3399
1 16347
-16028 -3408
6677 -14957
13267 9634
-12174 10962
-8201 -14191
15594 -5071
1741 16296
-16295 -1704
5061 -15570
14207 8193
-10963 12191
-9648 -13265
14936 -6669
3418 16032
-16369 -1
3416 -16007
14983 6668
-9631 13254
-10978 -12198
14163 -8181
5050 15545
-16329 1714
1726 -16301
15605 5069
-8202 14172
-12186 -10936
13218 -9660
6658 14989
-15990 3396
5 -16379
16014 3410
-6680 14931
-13233 -9607
12180 -10950
8203 14174
-15555 5075
-1699 -16270
16285 1711
-5059 15576
-14215 -8185
10961 -12166
9630 13252
-14978 6649
-3383 -16030
16395 5
-3398 16020
-14965 -6664
9648 -13257
10959 12161
-14189 8203
-5046 -15590
16272 -1720
-1676 16288
-15597 -5065
8194 -14195
12166 10945
-13290 9655
-6647 -14958
16018 -3404
7 16390
-16020 -3422
6650 -14966
13277 9648
-12166 10974
-8135 -14176
15600 -5078
1717 16300
-16284 -1707
5065 -15599
14179 8211
-10959 12161
-9659 -13268
14986 -6682
3402 16015
-16376 -16
3401 -16027
14993 6674
-9655 13247
-10965 -12165
14178 -8187
5077 15586
-16301 1714
1719 -16289
15558 5048
-8199 14184
-12149 -10981
13261 -9621
6649 14970
-16042 3393
-17 -16424
16046 3400
-6643 14945
-13252 -9624
12172 -10990
8206 14168
-15570 5067
-1682 -16323
16280 1709
-5059 15602
-14190 -8169
10970 -12192
9610 13277
-15011 6704
-3397 -16058
16416 14
-3428 16039
-14959 -6649
9648 -13247
10956 12150
-14177 8176
-5072 -15562
16309 -1694
-1716 16288
-15594 -5043
8210 -14186
12155 10941
-13257 9636
-6688 -14969
16009 -3392
-16 16387
-16014 -3413
6631 -14977
13235 9644
-12179 10984
-8205 -14229
15576 -5059
1706 16300
-16272 -1737
5046 -15578
14177 8195
-10974 12193
-9627 -13256
14970 -6661
3393 16011
-16415 -15
3399 -16031
14983 6680
-9655 13251
-10969 -12205
14179 -8181
5095 15572
-16305 1708
1705 -16302
15603 5052
-8198 14201
-12191 -11004
13253 -9619
6687 14996
-16029 3413
7 -16370
16044 3413
-6678 14959
-13259 -9648
12182 -10961
8169 14179
-15610 5069
-1733 -16296
16309 1749
-5068 15609
-14187 -8213
10956 -12166
9629 13262
-14947 6672
-3420 -16013
16397 -1
-3406 15990
-14992 -6695
9620 -13252
10971 12178
-14179 8179
-5046 -15585
16252 -1707
-1711 16289
-15610 -5041
8154 -14167
12167 10977
-13250 9596
-6661 -14948
16032 -3404
-11 16378
-16016 -3396
6666 -14971
13256 9629
-12201 10972
-8175 -14172
15583 -5073
1712 16308
-16299 -1753
5080 -15570
14180 8205
-10987 12157
-9676 -13280
14949 -6651
3429 16016
-16386 -14
3408 -16054
14950 6677
-9617 13262
-10986 -12171
14178 -8202
5072 15582
-16318 1712
1708 -16300
15591 5065
-8188 14202
-12174 -10967
13262 -9618
6662 14983
-16043 3410
6 -16384
16015 3421
-6684 14990
-13239 -9631
12154 -10974
8214 14207
-15588 5082
-1710 -16279
16289 1712
-5074 15585
-14206 -8175
10976 -12165
9643 13275
-14973 6674
-3378 -16013
16352 4
-3399 16052
-14937 -6646
9624 -13249
10960 12191
-14209 8192
-5063 -15578
16255 -1711
-1720 16308
-15582 -5076
8172 -14214
12178 10944
-13253 9609
-6673 -14967
16035 -3429
-11 16353
-16018 -3401
6661 -14928
13248 9643
-12179 11001
-8181 -14201
15537 -5064
1700 16282
-16314 -1700
5043 -15578
14170 8184
-10964 12181
-9631 -13219
15005 -6656
3434 16014
-16383 -6
3405 -16029
14970 6637
-9646 13238
-10978 -12184
14188 -8229
5054 15602
-16309 1740
1737 -16290
15600 5067
-8188 14218
-12192 -10972
13286 -9654
6676 14974
-16016 3410
-3 -16373
16026 3414
-6659 14957
-13235 -9645
12206 -10956
8192 14175
-15591 5068
-1683 -16300
16306 1697
-5072 15584
-14181 -8205
10976 -12209
9615 13261
-14959 6667
-3422 -16011
16378 -19
-3402 16027
-14973 -6674
9617 -13264
10941 12154
-14179 8192
-5054 -15585
16320 -1713
-1705 16309
-15559 -5079
8205 -14182
12161 10947
-13253 9642
-6650 -14963
16040 -3398
-2 16401
-16023 -3407
6669 -14983
13243 9629
-12166 10960
-8231 -14216
15573 -5055
1744 16303
-16300 -1713
5057 -15596
14190 8209
-10980 12152
-9651 -13260
14994 -6677
3407 16036
-16408 11
3396 -16024
14971 6687
-9637 13267
-10954 -12176
14189 -8185
5058 15567
-16285 1710
1696 -16285
15601 5057
-8198 14165
-12193 -10934
13276 -9650
6656 14943
-16019 3385
15 -16371
16014 3402
-6714 14984
-13273 -9636
12151 -10940
8171 14213
-15571 5056
-1725 -16316
16331 1719
-5038 15554
-14220 -8180
10960 -12177
9608 13270
-14973 6680
-3447 -16023
16380 -28
-3396 16036
-14932 -6666
9648 -13242
10959 12163
-14195 8169
-5049 -15586
16265 -1726
-1696 16299
-15584 -5065
8211 -14205
12175 10988
-13274 9616
-6695 -14967
16012 -3448
-10 16382
-16035 -3421
6665 -14992
13247 9627
-12169 10958
-8209 -14204
15583 -5075
1712 16293
-16280 -1733
5092 -15582
14213 8191
-10974 12166
-9613 -13252
14967 -6638
3428 16017
-16357 -16
3400 -16056
14956 6684
-9668 13256
-10957 -12185
14165 -8189
5075 15563
-16308 1730
1733 -16294
15607 5064
-8192 14208
-12174 -10961
13247 -9649
6649 14990
-16046 3403
-6 -16376
16031 3404
-6668 14944
-13226 -9617
12182 -10967
8207 14190
-15594 5065
-1704 -16277
16318 1718
-5056 15559
-14180 -8169
10949 -12165
9640 13230
-14989 6672
-3429 -16014
16413 -19
-3394 16045
-14944 -6670
9619 -13246
10953 12174
-14177 8194
-5070 -15606
16294 -1714
-1721 16320
-15604 -5038
8226 -14179
12185 10960
-13245 9639
-6668 -14976
16050 -3411
35 16373
-16016 -3414
6660 -14948
13252 9630
-12204 10965
-8195 -14162
15575 -5076
1693 16302
-16313 -1717
5099 -15573
14191 8212
-10973 12159
-9631 -13254
14954 -6680
3391 16024
-16375 6
3408 -16014
14952 6648
-9655 13281
-10989 -12187
14191 -8216
5050 15590
-16296 1731
1718 -16301
15594 5053
-8193 14184
-12166 -10965
13265 -9619
6658 14956
-16026 3370
4 -16366
16051 3407
-6655 14966
-13231 -9622
12161 -10958
8185 14186
-15581 5084
-1689 -16320
16287 1699
-5041 15602
-14185 -8217
10964 -12158
9599 13274
-14972 6641
-3412 -15992
16375 4
-3391 16029
-14956 -6673
9638 -13248
10958 12174
-14149 8191
-5064 -15582
16301 -1726
-1705 16286
-15570 -5068
8170 -14191
12176 10976
-13234 9633
-6677 -14979
16040 -3412
24 16375
-16025 -3384
6684 -14996
13265 9617
-12170 10944
-8214 -14197
15611 -5075
1678 16270
-16282 -1715
5095 -15574
14181 8204
-10968 12148
-9620 -13256
14967 -6673
3419 16029
-16386 24
3384 -16031
14957 6682
-9592 13244
-10955 -12166
14164 -8189
5038 15593
-16308 1737
1690 -16284
15591 5086
-8215 14170
-12162 -10980
13242 -9658
6660 14956
-16033 3408
-19 -16372
16058 3374
-6673 14976
-13244 -9621
12176 -10984
8216 14186
-15596 5081
-1705 -16272
16254 1727
-5067 15592
-14211 -8173
10982 -12164
9640 13280
-14980 6667
-3416 -16012
16388 10
-3402 16024
-14963 -6672
9626 -13234
10949 12171
-14180 8203
-5078 -15618
16308 -1708
-1701 16275
-15608 -5025
8210 -14184
12169 10968
-13276 9654
-6663 -14968
16036 -3395
-2 16400
-16015 -3407
6659 -14960
13259 9610
-12187 10939
-8203 -14179
15606 -5065
1732 16305
-16320 -1722
5071 -15584
14190 8201
-10971 12190
-9616 -13281
14954 -6640
3408 16029
-16385 -13
3422 -16052
14953 6675
-9624 13269
-10962 -12179
14191 -8212
5057 15584
-16296 1695
1735 -16286
15600 5063
-8199 14213
-12219 -10911
13244 -9627
6661 14957
-16045 3414
-7 -16376
16039 3400
-6663 14965
-13235 -9635
12166 -10946
8202 14194
-15592 5057
-1726 -16287
16289 1675
-5072 15591
-14204 -8199
10993 -12159
9657 13267
-14982 6679
-3407 -16012
16392 -16
-3436 16017
-14975 -6639
9635 -13275
10933 12193
-14190 8199
-5058 -15576
16250 -1706
-1697 16279
-15579 -5061
8202 -14199
12165 10952
-13249 9650
-6624 -14983
16015 -3413
-17 16411
-16030 -3393
6687 -14980
13246 9642
-12178 10935
-8181 -14198
15579 -5066
1715 16290
-16268 -1730
5047 -15574
14166 8177
-10945 12197
-9606 -13259
14982 -6673
3427 16053
-16372 10
3397 -16034
14960 6661
-9635 13266
-10948 -12153
14199 -8216
5063 15578
-16283 1701
1697 -16277
15595 5063
-8181 14165
-12187 -10957
13227 -9650
6668 14961
-16036 3387
10 -16387
16016 3394
-6657 14970
-13275 -9646
12168 -10960
8188 14188
-15561 5066
-1699 -16315
16241 1723
-5063 15597
-14185 -8188
10965 -12176
9618 13260
-14982 6663
-3404 -16024
16408 -13
-3425 16033
-14975 -6665
9618 -13267
10974 12158
-14182 8193
-5066 -15594
16296 -1710
-1687 16289
-15584 -5062
8211 -14197
12175 10953
-13263 9650
-6655 -14965
16001 -3406
-13 16390
-16020 -3410
6677 -14985
13254 9640
-12159 10968
-8180 -14190
15601 -5087
1714 16308
-16253 -1677
5047 -15607
14214 8195
-10980 12178
-9628 -13254
14991 -6668
3436 16040
-16366 -11
3399 -16007
14967 6646
-9626 13261
-10951 -12185
14185 -8169
5076 15581
-16284 1720
1707 -16284
15578 5067
-8169 14190
-12168 -10956
13250 -9649
6658 14960
-16031 3434
2 -16384
16016 3396
-6686 14983
-13255 -9609
12165 -10945
8171 14181
-15582 5077
-1737 -16309
16294 1698
-5065 15568
-14192 -8181
10955 -12178
9618 13256
-14967 6663
-3416 -16025
16378 3
-3404 16012
-14971 -6662
9608 -13229
10974 12187
-14202 8226
-5084 -15597
16278 -1742
-1740 16301
-15565 -5071
8197 -14174
12165 10990
-13256 9650
-6674 -14978
16016 -3378
11 16374
-16013 -3411
6624 -14964
13244 9625
-12176 10958
-8174 -14190
15597 -5062
1724 16301
-16279 -1725
5078 -15583
14209 8171
-10990 12191
-9644 -13264
14955 -6710
3409 16013
-16385 -2
3396 -16015
14984 6661
-9634 13259
-10964 -12199
14206 -8182
5056 15557
-16319 1714
1693 -16292
15576 5032
-8186 14180
-12148 -10953
13241 -9638
6668 14982
-16048 3392
9 -16401
15997 3404
-6672 14966
-13254 -9636
12182 -10965
8204 14210
-15591 5049
-1712 -16313
16321 1729
-5068 15548
-14227 -8218
10921 -12137
9619 13220
-14965 6631
-3393 -16007
16377 -5
-3403 16038
-14953 -6669
9635 -13265
10965 12164
-14189 8213
-5081 -15584
16274 -1714
-1715 16304
-15589 -5036
8203 -14170
12199 10946
-13236 9619
-6679 -14974
16043 -3406
8 16391
-16014 -3412
6688 -14965
13274 9624
-12150 10969
-8182 -14175
15598 -5075
1698 16304
-16307 -1707
5055 -15589
14167 8217
-10961 12166
-9614 -13258
14959 -6655
3398 16009
-16362 5
3412 -16017
14983 6660
-9620 13265
-10976 -12177
14194 -8209
5078 15567
-16274 1707
1710 -16292
15577 5043
-8183 14201
-12187 -10969
13219 -9625
6655 14932
-16064 3389
11 -16397
16016 3406
-6665 14962
-13242 -9612
12157 -10933
8176 14204
-15586 5057
-1733 -16299
16302 1702
-5031 15571
-14188 -8176
10978 -12163
9619 13182
-14969 6665
-3422 -16054
16356 2
-3398 16014
-14952 -6677
9621 -13274
10973 12128
-14206 8197
-5076 -15563
16298 -1701
-1705 16315
-15582 -5070
8187 -14171
12185 10968
-13261 9652
-6627 -14951
16043 -3401
-9 16367
-16045 -3392
6681 -14962
13259 9623
-12152 10986
-8213 -14176
15580 -5081
1698 16298
-16278 -1710
5069 -15583
14204 8164
-10960 12186
-9655 -13231
14993 -6652
3434 16021
-16390 13
3423 -16013
14959 6664
-9642 13278
-10957 -12162
14171 -8197
5077 15587
-16286 1743
1733 -16291
15593 5060
-8193 14184
-12185 -10976
13233 -9607
6642 14949
-16051 3421
0 -16409
16002 3394
-6687 14981
-13231 -9641
12154 -10968
8185 14199
-15586 5068
-1723 -16311
16293 1710
-5075 15584
-14178 -8157
10942 -12143
9622 13259
-14974 6679
-3386 -16038
16383 6
-3408 16036
-14950 -6662
9609 -13266
10938 12177
-14181 8198
-5078 -15594
16259 -1713
-1719 16297
-15575 -5055
8188 -14173
12152 10940
-13271 9642
-6635 -14962
16019 -3427
1 16386
-16008 -3389
6675 -14965
13257 9603
-12158 10960
-8202 -14160
15587 -5093
1702 16281
-16303 -1718
5063 -15567
14202 8186
-10962 12169
-9627 -13246
14964 -6697
3421 16038
-16398 23
3406 -16038
14960 6638
-9647 13283
-10978 -12159
14203 -8183
5051 15572
-16290 1725
1734 -16313
15603 5078
-8191 14198
-12170 -10984
13222 -9628
6682 14967
-16015 3395
7 -16376
16018 3413
-6665 14956
-13256 -9653
12173 -10947
8198 14201
-15597 5071
-1703 -16294
16297 1728
-5065 15598
-14203 -8184
10967 -12196
9633 13244
-14984 6667
-3396 -16006
16347 1
-3386 15993
-14948 -6662
9636 -13230
10939 12178
-14207 8150
-5070 -15587
16302 -1716
-1723 16288
-15563 -5065
8189 -14181
12184 10976
-13236 9616
-6644 -14948
16025 -3397
14 16372
-16005 -3381
6658 -14948
13227 9624
-12178 10957
-8212 -14190
15584 -5059
1737 16336
-16268 -1720
5056 -15574
14184 8192
-10953 12190
-9647 -13264
14965 -6669
3411 16010
-16383 -6
3384 -16027
14967 6657
-9612 13250
-10988 -12140
14193 -8213
5041 15613
-16285 1731
1717 -16284
15574 5049
-8190 14183
-12165 -10979
13282 -9646
6678 14950
-16036 3363
5 -16405
16046 3384
-6676 14982
-13252 -9663
12201 -10944
8188 14216
-15609 5058
-1722 -16277
16305 1684
-5054 15586
-14194 -8200
10981 -12167
9629 13243
-14948 6674
-3405 -16049
16413 16
-3413 16004
-14965 -6657
9639 -13263
10977 12182
-14202 8199
-5088 -15599
16289 -1697
-1707 16300
-15588 -5065
8206 -14191
12199 10966
-13260 9623
-6666 -14978
16022 -3402
2 16358
-16033 -3398
6674 -14954
13235 9617
-12174 10966
-8191 -14198
15569 -5061
1705 16276
-16273 -1707
5062 -15570
14199 8193
-10971 12180
-9627 -13253
14934 -6658
3416 16022
-16403 8
3402 -16019
14944 6655
-9639 13247
-10927 -12155
14180 -8148
5085 15608
-16309 1753
1701 -16314
15625 5065
-8212 14188
-12182 -10982
13272 -9632
6648 14994
-16001 3377
-21 -16398
16024 3422
-6641 14992
-13278 -9620
12186 -10980
8178 14179
-15615 5068
-1704 -16300
16261 1694
-5030 15625
-14211 -8202
10970 -12167
9615 13273
-14978 6656
-3406 -16013
16427 -1
-3403 16013
-14982 -6649
9633 -13261
10962 12158
-14215 8176
-5079 -15580
16292 -1722
-1696 16299
-15589 -5066
8177 -14166
12161 10971
-13258 9604
-6637 -14987
16020 -3424
22 16419
-16023 -3422
6661 -14976
13252 9643
-12159 10969
-8165 -14173
15601 -5069
1758 16311
-16307 -1709
5073 -15582
14210 8216
-10968 12198
-9611 -13244
14993 -6652
3416 16022
-16383 15
3417 -16002
14933 6641
-9650 13249
-10941 -12190
14185 -8202
5057 15562
-16248 1689
1719 -16274
15607 5077
-8191 14188
-12161 -10935
13234 -9618
6648 14970
-16019 3406
-22 -16380
16010 3429
-6644 14972
-13265 -9634
12175 -10953
8227 14194
-15586 5070
-1704 -16322
16282 1709
-5050 15596
-14201 -8184
10935 -12197
9645 13251
-14947 6671
-3402 -16006
16408 -13
-3396 16033
-14963 -6672
9623 -13270
10973 12171
-14189 8207
-5060 -15578
16269 -1692
-1676 16313
-15576 -5052
8187 -14184
12203 10959
-13258 9631
-6681 -14954
16016 -3410
20 16383
-16047 -3382
6665 -14994
13267 9639
-12187 10932
-8221 -14178
15557 -5034
1719 16316
-16263 -1733
5039 -15602
14179 8211
-10940 12168
-9633 -13255
14977 -6659
3402 16005
-16381 4
3394 -16060
14944 6672
-9624 13227
-10983 -12176
14191 -8195
5066 15563
-16306 1703
1682 -16285
15585 5063
-8194 14173
-12171 -10973
13269 -9650
6685 14979
-16044 3358
18 -16384
16009 3409
-6682 14939
-13280 -9651
12161 -10966
8196 14206
-15579 5066
-1695 -16281
16296 1733
-5061 15593
-14199 -8199
10966 -12186
9653 13249
-14949 6655
-3391 -16026
16411 -17
-3389 16021
-14943 -6657
9656 -13264
10961 12178
-14198 8193
-5042 -15579
16290 -1695
-1732 16292
-15588 -5067
8206 -14178
12151 10971
-13263 9629
-6661 -15006
16044 -3382
7 16373
-16037 -3408
6656 -14991
13253 9648
-12186 10974
-8226 -14186
15585 -5066
1712 16323
-16294 -1728
5052 -15575
14195 8187
-10959 12180
-9638 -13257
14959 -6649
3385 15995
-16384 7
3419 -15988
14950 6653
-9656 13260
-10970 -12203
14197 -8183
5059 15579
-16273 1721
1719 -16298
15586 5069
-8161 14181
-12181 -10948
13268 -9628
6671 14964
-16039 3413
-19 -16423
16017 3410
-6659 15001
-13253 -9631
12214 -10993
8167 14169
-15583 5043
-1701 -16297
16294 1709
-5041 15578
-14213 -8198
10973 -12179
9607 13227
-14955 6668
-3393 -16036
16375 -20
-3391 16066
-14955 -6640
9643 -13270
10973 12155
-14206 8191
-5064 -15565
16274 -1717
-1719 16293
-15573 -5092
8166 -14181
12137 10967
-13270 9618
-6700 -14966
16046 -3410
16 16385
-16030 -3431
6680 -14989
13254 9624
-12175 10973
-8192 -14184
15576 -5079
1696 16293
-16330 -1716
5074 -15573
14200 8170
-10949 12174
-9639 -13248
14955 -6685
3412 16025
-16378 1
3431 -16037
14968 6661
-9651 13257
-10971 -12168
14155 -8190
5051 15594
-16277 1711
1728 -16282
15571 5043
-8188 14176
-12155 -10934
13236 -9649
6643 14957
-16009 3442
10 -16395
16032 3394
-6682 14972
-13256 -9622
12175 -10980
8185 14173
-15559 5064
-1700 -16294
16281 1695
-5074 15584
-14188 -8182
10969 -12170
9666 13232
-14953 6676
-3404 -16025
16423 4
-3380 16043
-14964 -6685
9628 -13233
10955 12201
-14214 8209
-5074 -15575
16294 -1689
-1729 16317
-15583 -5049
8188 -14201
12152 10948
-13261 9613
-6664 -14971
16030 -3378
32 16387
-16029 -3400
6667 -14977
13259 9631
-12174 10977
-8199 -14189
15589 -5059
1731 16302
-16323 -1699
5072 -15577
14188 8183
-10956 12159
-9640 -13237
14985 -6668
3385 16035
-16411 0
3415 -16032
15010 6639
-9629 13246
-10952 -12166
14187 -8178
5070 15613
-16289 1697
1746 -16310
15595 5077
-8200 14170
-12177 -10949
13265 -9643
6677 14975
-16050 3403
14 -16391
16039 3402
-6652 14940
-13252 -9624
12176 -10953
8199 14206
-15586 5058
-1721 -16284
16297 1695
-5028 15586
-14207 -8199
10964 -12192
9614 13263
-14959 6663
-3400 -16027
16373 -7
-3400 16015
-14964 -6659
9647 -13253
10967 12168
-14201 8187
-5091 -15572
16311 -1729
-1714 16304
-15569 -5078
8228 -14181
12164 10977
-13227 9629
-6662 -15002
16049 -3422
22 16376
-16023 -3405
6640 -15019
13253 9624
-12185 10981
-8205 -14159
15554 -5044
1720 16299
-16293 -1719
5076 -15571
14217 8201
-10976 12179
-9640 -13244
14953 -6661
3386 16041
-16382 1
3384 -16020
14981 6651
-9648 13259
-10974 -12170
14176 -8157
5061 15582
-16293 1684
1709 -16269
15592 5068
-8195 14175
-12174 -10948
13238 -9616
6677 14965
-16026 3423
3 -16391
16031 3400
-6663 14959
-13235 -9624
12182 -10950
8210 14187
-15593 5048
-1713 -16258
16293 1721
-5058 15562
-14161 -8175
10957 -12186
9624 13258
-14971 6680
-3394 -16035
16368 -13
-3413 16042
-14982 -6658
9619 -13269
10945 12155
-14197 8188
-5087 -15577
16299 -1724
-1684 16288
-15578 -5053
8195 -14189
12167 10941
-13253 9616
-6676 -14993
16064 -3414
8 16409
-16024 -3410
6668 -14969
13249 9638
-12192 10944
-8196 -14214
15580 -5074
1712 16315
-16303 -1727
5063 -15576
14173 8184
-10958 12159
-9621 -13257
14945 -6678
3390 16047
-16394 23
3402 -16048
14965 6677
-9661 13273
-10963 -12143
14163 -8159
5073 15592
-16279 1701
1713 -16305
15575 5066
-8167 14195
-12179 -10956
13245 -9632
6658 14965
-16035 3381
-13 -16386
16026 3387
-6662 14966
-13273 -9642
12199 -10959
8165 14165
-15575 5081
-1743 -16296
16312 1707
-5039 15605
-14209 -8175
10963 -12197
9631 13237
-14951 6677
-3430 -16021
16358 -16
-3444 16035
-14964 -6669
9611 -13272
10954 12159
-14218 8209
-5081 -15575
16300 -1709
-1705 16288
-15589 -5056
8183 -14165
12180 10977
-13282 9596
-6656 -14954
16034 -3424
-24 16418
-16028 -3395
6659 -14957
13226 9623
-12176 10950
-8183 -14200
15586 -5057
1697 16304
-16289 -1706
5074 -15595
14187 8204
-10959 12187
-9621 -13270
14975 -6670
3407 16023
-16439 -5
3416 -16031
14949 6656
-9609 13259
-10950 -12130
14177 -8184
5073 15579
-16300 1724
1722 -16302
15571 5060
-8194 14176
-12167 -10970
13248 -9625
6652 14977
-16013 3392
16 -16375
16014 3408
-6684 14951
-13261 -9657
12179 -10977
8201 14201
-15578 5068
-1749 -16318
16318 1713
-5072 15563
-14204 -8178
10967 -12181
9582 13272
-14961 6642
-3442 -16033
16364 37
-3417 16026
-14946 -6638
9642 -13280
10937 12160
-14192 8208
-5105 -15587
16309 -1734
-1713 16310
-15606 -5083
8222 -14188
12156 10963
-13260 9673
-6685 -14976
16043 -3427
6 16396
-16038 -3417
6668 -14944
13241 9644
-12188 10967
-8188 -14177
15559 -5052
1718 16275
-16288 -1724
5049 -15607
14204 8228
-10976 12195
-9633 -13252
14978 -6663
3419 16006
-16402 -24
3372 -16021
14948 6674
-9639 13250
-10972 -12189
14212 -8206
5072 15579
-16319 1710
1692 -16312
15580 5052
-8184 14191
-12190 -10945
13251 -9637
6651 14988
-16051 3418
15 -16389
16040 3402
-6655 14967
-13240 -9606
12200 -10978
8191 14192
-15591 5056
-1701 -16286
16301 1734
-5091 15592
-14204 -8185
10973 -12171
9623 13238
-14965 6685
-3397 -16025
16390 -7
-3437 16028
-14946 -6655
9611 -13270
10982 12188
-14164 8191
-5064 -15571
16283 -1718
-1682 16303
-15557 -5055
8175 -14203
12180 10969
-13266 9612
-6670 -14988
16052 -3393
20 16375
-16001 -3384
6641 -14955
13247 9665
-12165 10936
-8220 -14190
15581 -5058
1733 16307
-16294 -1729
5062 -15593
14181 8198
-10933 12173
-9642 -13255
14941 -6656
3422 16057
-16389 13
3414 -16023
14954 6648
-9630 13281
-10979 -12163
14195 -8200
5054 15565
-16312 1726
1714 -16298
15577 5062
-8219 14166
-12200 -10966
13212 -9604
6674 14967
-16030 3401
17 -16410
16033 3406
-6669 14978
-13252 -9615
12181 -10945
8179 14230
-15603 5073
-1685 -16290
16296 1727
-5080 15554
-14182 -8170
10983 -12160
9625 13227
-14975 6655
-3413 -16026
16350 18
-3398 16000
-14981 -6649
9602 -13283
10962 12143
-14212 8167
-5071 -15565
16294 -1708
-1701 16320
-15594 -5067
8219 -14193
12148 10934
-13251 9605
-6689 -14973
16049 -3401
-4 16383
-16025 -3397
6684 -14990
13253 9608
-12171 10983
